<<<<<<< HEAD
S.1.1,267,421
S.1.2,196,562
S.1.3,389,421
S.1.4,487,422
S.1.5,662,508
S.2.1,897,418
S.2.2,896,457
S.2.3,896,506
S.2.4,898,558
S.3.1,901,280
S.4.1,954,125
S.5.1,904,53
S.5.2,903,89
S.6.1,251,81
S.6.2,336,81
S.6.3,424,79
S.6.4,657,41
S.6.5,658,40
S.7.1,601,130
S.7.2,657,198
S.7.3,659,246
S.7.4,568,399
S.7.5,408,254
S.7.6,291,400
S.7.7,197,328
S.8.1,357,177
S.9.1,98,49
S.9.2,99,87
S.9.3,98,119
S.9.4,98,154
S.9.5,98,254
S.9.6,96,409
S.9.7,96,450
S.9.8,95,486
S.9.9,95,535
S.9.10,95,586
Sortie,996,219
Entre,994,117
------------------
1,120,410
2,125,249
3,121,120
4,412,234
5,424,103
6,767,95
7,789,228
8,815,414
------------------
S.1.1,1,3
S.1.2,1,5
S.1.3,1,6
S.1.4,1,8
S.9.6,1,1
S.9.7,1,1.5
S.9.8,1,2
S.9.9,1,3
S.9.10,1,5
S.7.7,1,4
S.7.6,1,5
S.7.4,1,5
S.9.5,2,1
S.7.7,2,3
S.9.4,2,3
S.9.5,2,7
S.9.1,3,2
S.9.2,3,1.5
S.9.3,3,1
S.9.4,3,1.5
S.6.1,3,3
S.6.2,3,5
S.8.1,4,3
S.7.5,4,1
S.6.1,5,5
S.6.2,5,3
S.6.3,5,1
S.6.5,5,5
S.7.1,5,5
S.6.4,6,4
S.6.5,6,5
S.7.1,6,5
S.7.2,6,4
S.5.1,6,5
S.5.2,6,4
S.4.1,6,6
S.7.2,7,4
S.7.3,7,3
S.3.1,7,4
S.2.1,8,2.5
S.2.2,8,3
S.2.3,8,4
S.2.4,8,5
S.1.5,8,5
S.7.4,8,6
S.1.4,8,8
S.1.3,8,10
S.1.1,8,13
S.3.1,8,6
Sortie,6,3
Entre,7,3
1,8,15
1,2,5
2,3,4
2,4,7
3,5,7
5,4,4
5,6,7
6,7,3
7,8,8
------------------
1,8
1,2
2,3
2,1
2,4
3,5
3,2
5,4
5,3
5,6
4,2
4,5
6,5
6,7
7,6
7,8
8,1
=======
S.1.1,267,421
S.1.2,196,562
S.1.3,389,421
S.1.4,487,422
S.1.5,662,508
S.2.1,897,418
S.2.2,896,457
S.2.3,896,506
S.2.4,898,558
S.3.1,901,280
S.4.1,954,125
S.5.1,904,53
S.5.2,903,89
S.6.1,251,81
S.6.2,336,81
S.6.3,424,79
S.6.4,657,41
S.6.5,658,40
S.7.1,601,130
S.7.2,657,198
S.7.3,659,246
S.7.4,568,399
S.7.5,408,254
S.7.6,291,400
S.7.7,197,328
S.8.1,357,177
S.9.1,98,49
S.9.2,99,87
S.9.3,98,119
S.9.4,98,154
S.9.5,98,254
S.9.6,96,409
S.9.7,96,450
S.9.8,95,486
S.9.9,95,535
S.9.10,95,586
Sortie,996,219
Entre,994,117
------------------
1,120,410
2,125,249
3,121,120
4,412,234
5,424,103
6,767,95
7,789,228
8,815,414
------------------
S.1.1,1,3
S.1.2,1,5
S.1.3,1,6
S.1.4,1,8
S.9.6,1,1
S.9.7,1,1.5
S.9.8,1,2
S.9.9,1,3
S.9.10,1,5
S.7.7,1,4
S.7.6,1,5
S.7.4,1,5
S.9.5,2,1
S.7.7,2,3
S.9.4,2,3
S.9.5,2,7
S.9.1,3,2
S.9.2,3,1.5
S.9.3,3,1
S.9.4,3,1.5
S.6.1,3,3
S.6.2,3,5
S.8.1,4,3
S.7.5,4,1
S.6.1,5,5
S.6.2,5,3
S.6.3,5,1
S.6.5,5,5
S.7.1,5,5
S.6.4,6,4
S.6.5,6,5
S.7.1,6,5
S.7.2,6,4
S.5.1,6,5
S.5.2,6,4
S.4.1,6,6
S.7.2,7,4
S.7.3,7,3
S.3.1,7,4
S.2.1,8,2.5
S.2.2,8,3
S.2.3,8,4
S.2.4,8,5
S.1.5,8,5
S.7.4,8,6
S.1.4,8,8
S.1.3,8,10
S.1.1,8,13
S.3.1,8,6
Sortie,6,3
Entre,7,3
1,8,15
1,2,5
2,3,4
2,4,7
3,5,7
5,4,4
5,6,7
6,7,3
7,8,8
------------------
1,8
1,2
2,3
2,1
2,4
3,5
3,2
5,4
5,3
5,6
4,2
4,5
6,5
6,7
7,6
7,8
8,1
>>>>>>> f0b0c0c92664d0e145796e4e9bc9a92c8b829621
8,7